道具ID	道具名称	类型	质量
201000	小还丹	1	1
201001	秘制小还丹	1	1
201002	极品小还丹	1	1
201003	大还丹	1	1
201004	秘制大还丹	1	1
201005	极品大还丹	1	1
201100	1级攻击药水	1	4
201101	2级攻击药水	1	4
201102	3级攻击药水	1	4
201103	1级防御药水	1	4
201104	2级防御药水	1	4
201105	3级防御药水	1	4
201106	1级生命药水	1	4
201107	2级生命药水	1	4
201108	3级生命药水	1	4
201109	1级加速药水	1	4
201110	2级加速药水	1	4
201111	3级加速药水	1	4
201112	1级变大药水	1	4
201113	2级变大药水	1	4
201114	3级变大药水	1	4
203000	红血包（小）	1	4
203001	红血包（中）	1	4
203002	红血包（大）	1	4
211000	1.5倍经验丹	1	4
211001	2倍经验丹	1	4
211002	3倍经验丹	1	4
211003	5倍经验丹	1	4
211004	多倍经验丹	4	4
211005	多倍经验丹	4	4
211006	多倍经验丹	4	4
211100	坐骑-敏捷升阶书	3	4
211101	坐骑-防御升阶书	3	4
211102	坐骑-生命升阶书	3	4
211103	坐骑-迅捷移动升阶书	3	4
211104	坐骑-禁锢升阶书	3	4
211105	坐骑-攻击弱化升阶书	3	4
211106	坐骑-致盲升阶书	3	4
211107	坐骑-晕眩升阶书	3	4
211110	武器-力量升阶书	3	4
211111	武器-攻擊升阶书	3	4
211112	武器-暴擊升阶书	3	4
211113	武器-破甲升阶书	3	4
211114	武器-一擊制敵升阶书	3	4
211115	武器-吸血升阶书	3	4
211116	武器-防禦無視升阶书	3	4
211117	武器-中毒升阶书	3	4
211120	星輪-智力升阶书	3	4
211121	星輪-命中升阶书	3	4
211122	星輪-閃避升阶书	3	4
211123	星輪-厚甲升阶书	3	4
211124	星輪-金剛不壞升阶书	3	4
211125	星輪-自愈升阶书	3	4
211126	星輪-遲鈍升阶书	3	4
211127	星輪-減壽升阶书	3	4
214016	普通体力丹	1	4
214017	元气散（10000）	1	4
214018	声望卡（300）	1	4
214020	声望卡（200）	1	4
214021	超级体力丹	1	4
214022	元气散（5000）	1	4
214023	声望卡（100）	1	4
214024	声望卡（500）	1	4
214025	声望（25000）	1	4
214026	元气散（1000）	1	4
214027	元气散（2000）	1	4
214030	声望卡（10000）	1	4
214031	声望卡（15000）	1	4
214101	2倍武器经验丹	1	5
214201	绝版升级丹	1	6
214202	逆天升级丹	1	6
214203	升级丹	1	6
214204	100级升级丹	1	6
214205	60级升级丹	1	6
214206	110级升级丹	1	6
214210	经验丹（20w）	1	6
214211	经验丹（45w）	1	6
214212	经验丹（80w）	1	6
214213	背饰升阶丹	1	6
214214	武器升阶丹	1	6
214215	二十万经验丹	1	6
214216	背饰升阶丹（7阶）	1	6
214217	背饰升阶丹（9阶）	1	6
214218	武器升阶丹（7阶）	1	6
214219	武器升阶丹（9阶）	1	6
214220	武器直升3阶丹	1	6
214221	坐骑升阶丹（7阶）	4	4
214222	坐骑升阶丹（9阶）	4	4
214223	1阶天罡丹	3	2
214224	2阶天罡丹	3	3
214225	3阶天罡丹	3	3
214226	4阶天罡丹	3	4
214227	5阶天罡丹	3	4
214228	6阶天罡丹	3	5
214229	7阶天罡丹	3	6
214230	8阶天罡丹	3	7
214231	9阶天罡丹	3	7
214232	天罡丹碎片	3	2
214241	低阶地煞丹	3	2
214242	中阶地煞丹	3	3
214243	高阶地煞丹	3	4
214300	两千万经验丹	1	6
214301	元气散（5000）	1	4
214302	元气散（8000）	1	4
214303	元气散（10000）	1	4
214304	元气散（15000）	1	4
214310	一亿经验丹	1	6
277777	声望卡（100）	1	4
277778	声望卡（1点）	1	4
299001	赎罪药水	1	4
300001	奇缘令	4	3
300002	60级紫色装备	4	4
300003	60级紫色装备	4	4
300004	60级紫色装备	4	4
300005	半神橙装	4	5
300006	半神橙装	4	5
300007	半神橙装	4	5
300008	龙珠	4	2
300009	真神金装	4	6
300010	超神红装	4	7
300011	一千元宝“一”	4	7
300012	一千元宝“千”	4	7
300013	一千元宝“元”	4	7
300014	一千元宝“宝”	4	7
300015	商城道具	4	4
300016	半神祝福值	4	5
300017	真神祝福值	4	5
300018	超神祝福值	4	5
300019	寻宝免费商城道具	4	4
300020	寻宝免费商城道具	4	4
300021	寻宝免费商城道具	4	4
300022	寻宝免费商城道具	4	4
300023	逆天血阳铁	4	7
300024	逆天神装	4	7
300025	逆天祝福值	4	5
300111	2次签到	4	2
300112	5次签到	4	2
300113	10次签到	4	2
300114	17次签到	4	2
300115	26次签到	4	2
300121	帮派礼包	4	3
300122	帮派元宝礼包	4	4
300151	打折礼包.坐骑	4	4
300152	打折礼包.背饰	4	4
300153	打折礼包.变身	4	4
300154	打折礼包.强化	4	4
300155	打折礼包.宝石	4	4
300156	打折礼包.神器	4	4
300157	打折礼包.洗炼	4	4
300158	首充中阶打折礼包	4	5
300159	首充高阶打折礼包	4	5
300161	6折禮包.变身	4	4
300162	8折禮包.变身	4	4
300163	6折礼包.战宠	4	4
300164	6折礼包.星轮	4	4
300201	初级成就宝盒.一	4	4
300202	初级成就宝盒.二	4	4
300203	初级成就宝盒.三	4	4
300204	初级成就宝盒.四	4	4
300205	中级成就礼包.一	4	4
300206	中级成就礼包.二	4	4
300207	中级成就礼包.三	4	4
300208	中级成就礼包.四	4	4
300209	高级成就礼包.一	4	4
300210	高级成就礼包.二	4	4
300211	高级成就礼包.三	4	4
300212	高级成就礼包.四	4	4
300213	黄金成就礼包.一	4	4
300214	黄金成就礼包.二	4	4
300215	黄金成就礼包.三	4	4
300216	黄金成就礼包.四	4	4
300217	钻石成就礼包.一	4	4
300218	钻石成就礼包.二	4	4
300219	钻石成就礼包.三	4	4
300220	钻石成就礼包.四	4	4
300301	至尊专属礼包	4	6
300302	国民礼包	4	2
300311	定时上线礼包	4	4
300321	防沉迷大礼包	4	4
300401	点赞榜第五名	4	4
300402	点赞榜第四名	4	4
300403	点赞榜第三名	4	4
300404	点赞榜第二名	4	5
300405	点赞榜第一名	4	6
300501	20級禮包	4	4
300502	40级礼包	4	4
300503	60级礼包	4	4
300504	70級禮包	4	4
300505	80级礼包	4	4
300506	90级礼包	4	4
300507	100级礼包	4	4
300508	110级礼包	4	4
300509	120级礼包	4	4
300510	130级礼包	4	4
300511	140级礼包	4	4
300512	150级礼包	4	4
300513	160级礼包	4	4
300514	170级礼包	4	4
300515	180级礼包	4	4
300516	190级礼包	4	4
300517	200级礼包	4	4
300551	妖兽宝盒.10层	4	2
300552	妖兽宝盒.20层	4	2
300553	妖兽宝盒.30层	4	3
300554	妖兽宝盒.40层	4	3
300555	妖灵宝盒.50层	4	4
300556	妖灵宝盒.60层	4	4
300557	妖灵宝盒.70层	4	5
300558	妖灵宝盒.80层	4	5
300559	天妖宝盒.90层	4	6
300560	天妖宝盒.100层	4	6
300561	天妖宝盒.110层	4	7
300562	天妖宝盒.120层	4	7
300563	妖神宝盒.130层	4	7
300564	妖神宝盒.140层	4	7
300565	妖神宝盒.150层	4	7
300566	妖神宝盒.160层	4	7
300567	妖帝宝盒.170层	4	7
300568	妖帝宝盒.180层	4	7
300569	妖帝宝盒.190层	4	7
300570	妖帝宝盒.200层	4	7
300601	今日提升5000战力	4	4
300602	今日提升10000战力	4	4
300603	今日提升30000战力	4	4
300701	战力10000领取	4	4
300702	戰力20000領取	4	4
300703	战力30000领取	4	4
300704	戰力40000領取	4	4
300705	战力50000领取	4	4
300706	戰力70000領取	4	4
300707	战力90000领取	4	4
300708	戰力12萬領取	4	4
300709	战力15万领取	4	4
300710	战力20万领取	4	4
300711	战力30万领取	4	4
300712	战力40万领取	4	4
300713	战力50万领取	4	4
300714	战力70万领取	4	4
300715	战力100万领取	4	4
300716	战力120万领取	4	4
300717	战力150万领取	4	4
300718	战力200万领取	4	4
300801	VIP1每日礼包	4	5
300802	VIP2每日礼包	4	5
300803	VIP3每日礼包	4	5
300804	VIP4每日礼包	4	5
300805	VIP5每日礼包	4	5
300806	VIP6每日礼包	4	5
300807	VIP7每日礼包	4	5
300808	VIP8每日礼包	4	5
300809	VIP9每日礼包	4	5
300810	VIP10每日礼包	4	5
300901	VIP1大礼包	4	5
300902	VIP2大礼包	4	5
300903	VIP3大礼包	4	5
300904	VIP4大礼包	4	5
300905	VIP5大礼包	4	5
300906	VIP6大礼包	4	5
300907	VIP7大礼包	4	5
300908	VIP8大礼包	4	5
300909	VIP9大礼包	4	5
300910	VIP10大礼包	4	5
301201	30级成长礼包	4	4
301202	50级成长礼包	4	4
301203	60级成长礼包	4	4
301204	70级成长礼包	4	4
301205	73级成长礼包	4	4
301206	75级成长礼包	4	4
301207	77级成长礼包	4	4
301208	79级成长礼包	4	4
301209	80级成长礼包	4	4
301210	83级成长礼包	4	4
301211	85级成长礼包	4	4
301212	87级成长礼包	4	4
301213	90级成长礼包	4	4
301214	92级成长礼包	4	4
301215	94级成长礼包	4	4
301216	95级成长礼包	4	4
301217	97级成长礼包	4	4
301218	98级成长礼包	4	4
301219	100级成长礼包	4	4
301220	101级成长礼包	4	4
301221	103级成长礼包	4	4
301222	105级成长礼包	4	4
301223	107级成长礼包	4	4
301224	109级成长礼包	4	4
301225	110级成长礼包	4	4
301226	120级成长礼包	4	4
301227	130级成长礼包	4	4
301228	140级成长礼包	4	4
301229	150级成长礼包	4	4
301230	160级成长礼包	4	4
301231	170级成长礼包	4	4
301232	180级成长礼包	4	4
301233	190级成长礼包	4	4
301234	200级成长礼包	4	4
301702	散财仙子	4	3
301703	鹊桥仙子	4	3
301704	文曲仙子	4	4
301705	百花仙子	4	4
301706	莹雪仙子	4	4
301707	锦鲤仙子	4	5
302003	3阶背饰多选礼包	4	4
302004	4阶背饰多选礼包	4	4
302005	5阶背饰多选礼包	4	4
302006	6阶背饰多选礼包	4	4
302007	7阶背饰多选礼包	4	4
302008	8阶背饰多选礼包	4	4
302009	9阶背饰多选礼包	4	4
303003	3阶坐骑多选礼包	4	4
303004	4阶坐骑多选礼包	4	4
303005	5阶坐骑多选礼包	4	4
303006	6阶坐骑多选礼包	4	4
303007	7阶坐骑多选礼包	4	4
303008	8阶坐骑多选礼包	4	4
303009	9阶坐骑多选礼包	4	4
304003	1级仙子多选礼包	4	4
304004	2级仙子多选礼包	4	4
304005	3级仙子多选礼包	4	4
304006	4级仙子多选礼包	4	4
304007	5级仙子多选礼包	4	4
304008	6级仙子多选礼包	4	4
304009	7级仙子多选礼包	4	4
305003	1级神器多选礼包	4	4
305004	2级神器多选礼包	4	4
305005	3级神器多选礼包	4	4
305006	4级神器多选礼包	4	4
305007	5级神器多选礼包	4	4
305008	6级神器多选礼包	4	4
305009	7级神器多选礼包	4	4
306001	60级多选礼包	4	4
306002	70级多选礼包	4	4
306003	80级多选礼包	4	4
306004	90级多选礼包	4	4
306005	100级多选礼包	4	4
306006	110级多选礼包	4	4
306007	120级多选礼包	4	4
306008	130级多选礼包	4	4
306009	140级多选礼包	4	4
306010	150级多选礼包	4	4
306011	160级多选礼包	4	4
306012	170级多选礼包	4	4
306013	180级多选礼包	4	4
306014	190级多选礼包	4	4
306015	200级多选礼包	4	4
307001	vip1多选礼包	4	4
307002	vip2多选礼包	4	4
307003	vip3多选礼包	4	4
307004	vip4多选礼包	4	4
307005	vip5多选礼包	4	4
307006	vip6多选礼包	4	4
307007	vip7多选礼包	4	4
307008	vip8多选礼包	4	4
307009	vip9多选礼包	4	4
307010	vip10多选礼包	4	4
308001	战斗力5000多选礼包	4	4
308002	战斗力10000多选礼包	4	4
308003	战斗力20000多选礼包	4	4
308004	战斗力30000多选礼包	4	4
308005	战斗力50000多选礼包	4	4
308006	战斗力70000多选礼包	4	4
308007	战斗力100000多选礼包	4	4
308008	战斗力150000多选礼包	4	4
308009	战斗力300000多选礼包	4	4
308010	战斗力500000多选礼包	4	4
309001	全身强化50多选礼包	4	4
309002	全身强化100多选礼包	4	4
309003	全身强化150多选礼包	4	4
309004	全身强化200多选礼包	4	4
309005	全身强化250多选礼包	4	4
309006	全身强化300多选礼包	4	4
309007	全身强化350多选礼包	4	4
309008	全身强化400多选礼包	4	4
309009	全身强化450多选礼包	4	4
310200	喜糖	4	4
310201	红包	4	4
310202	誓约之戒	3	4
310301	一阶魔兵礼包【神装】	4	6
310302	三阶魔兵礼包【超神装】	4	7
310309	500绑定元宝	4	5
310310	一千绑定元宝	4	5
310311	一百绑定元宝	4	5
310312	30绑定元宝	4	5
310313	40绑定元宝	4	5
310314	50绑定元宝	4	5
310315	60绑定元宝	4	5
310316	70绑定元宝	4	5
310317	80绑定元宝	4	5
310318	10绑定元宝	4	5
310321	神族变身宝箱	4	6
310322	神族变身宝箱	4	6
310323	超神法宝寶箱	4	6
310401	一阶礼包【坐骑1折】	4	4
310402	二阶礼包【武器2折】	4	4
310403	三阶礼包【战宠3折】	4	5
310404	四阶礼包【背饰三阶】	4	5
310405	五阶礼包【坐骑四阶】	4	6
310501	一阶.每日礼包	4	4
310502	二阶.每日礼包	4	4
310503	三阶.每日礼包	4	5
310504	四阶.每日礼包	4	5
310505	五阶.每日礼包	4	6
310601	强化石打折礼包	4	4
310602	首充回馈礼包	4	4
310603	天天首充回馈礼包	4	4
311001	限时强化礼包（+10）	4	4
311002	限时强化礼包（+15）	4	4
311003	限时强化礼包（+20）	4	4
311004	限时强化礼包（+25）	4	4
311005	限时强化礼包（+30）	4	4
311006	限时强化礼包（+35）	4	4
311007	限时强化礼包（+40）	4	4
311008	限时强化礼包（+45）	4	4
311009	限时强化礼包（+49）	4	4
311101	四阶.坐骑限时礼包	4	4
311102	五阶.坐骑限时礼包	4	4
311103	六阶.坐骑限时礼包	4	4
311104	七阶.坐骑限时礼包	4	4
311105	八阶.坐骑限时礼包	4	4
311106	九阶.坐骑限时礼包	4	4
311107	九阶.坐骑限时礼包	4	4
311201	四阶.背饰限时礼包	4	4
311202	五阶.背饰限时礼包	4	4
311203	六阶.背饰限时礼包	4	4
311204	七阶.背饰限时礼包	4	4
311205	八阶.背饰限时礼包	4	4
311206	九阶.背饰限时礼包	4	4
311207	九阶.背饰限时礼包	4	4
311301	四阶.瑶池限时礼包	4	4
311302	五阶.瑶池限时礼包	4	4
311303	六阶.瑶池限时礼包	4	4
311304	七阶.瑶池限时礼包	4	4
311305	八阶.瑶池限时礼包	4	4
311306	九阶.瑶池限时礼包	4	4
311307	九阶.瑶池限时礼包	4	4
311401	四阶.神器限时礼包	4	4
311402	五阶.神器限时礼包	4	4
311403	六阶.神器限时礼包	4	4
311404	七阶.神器限时礼包	4	4
311405	八阶.神器限时礼包	4	4
311406	九阶.神器限时礼包	4	4
311407	九阶.神器限时礼包	4	4
311501	2阶.宝石礼包	4	4
311502	3阶.宝石礼包	4	4
311503	4阶.宝石礼包	4	4
311504	5阶.宝石礼包	4	4
311505	6阶.宝石礼包	4	4
311506	7阶.宝石礼包	4	4
311507	8阶.宝石礼包	4	4
311601	限时宝石礼包（2天）	4	4
311602	限时宝石礼包（3天）	4	4
311603	限时宝石礼包（4天）	4	4
311604	限时宝石礼包（5天）	4	4
311605	限时宝石礼包（6天）	4	4
311606	限时宝石礼包（7天）	4	4
311701	1阶洗炼石礼包	4	4
311702	2阶洗炼石礼包	4	4
311703	3阶洗炼石礼包	4	4
311704	4阶洗炼石礼包	4	4
311705	5阶洗炼石礼包	4	4
311801	低级洗炼石礼包（限时3天）	4	4
311802	初级洗炼石礼包（限时3天）	4	4
311803	中级洗炼石礼包（限时3天）	4	4
311804	高级洗炼石礼包（限时3天）	4	4
311805	超级洗炼石礼包（限时3天）	4	4
312102	星轮4阶以上可领	4	5
312103	星轮5阶以上可领	4	6
312104	星轮6阶以上可领	4	6
312105	星轮7阶以上可领	4	5
314000	10绑定元宝	4	5
314001	一千元宝	4	6
314002	金砖	4	5
314003	两万铜钱	4	3
314004	五万铜钱	4	3
314005	一百元宝	4	5
314006	1绑定元宝	4	5
314007	2绑定元宝	4	5
314008	3绑定元宝	4	5
314009	5绑定元宝	4	5
314010	铜钱（500万）	4	5
314011	1绑定元宝	4	5
314012	1绑定元宝	4	5
314013	20绑定元宝	4	5
314014	30绑定元宝	4	5
314015	40绑定元宝	4	5
314016	16绑定元宝	4	5
314017	24绑定元宝	4	5
314018	32绑定元宝	4	5
314019	一元宝	4	6
314020	一万绑定铜钱	4	6
314021	5千元宝	4	5
314022	2万元宝	4	5
314023	6万元宝	4	5
314024	12万元宝	4	5
314025	20万元宝	4	5
314026	30万元宝	4	5
314027	70万元宝	4	5
314028	120万元宝	4	5
314029	180万元宝	4	5
314030	300万元宝	4	5
314031	650万元宝	4	5
314098	1500元宝	4	6
314099	一千元宝	4	6
315000	复活丹	4	4
316001	筋斗云	4	3
317301	漫天火雨	4	4
317302	五行神雷	4	4
317303	伐木工	4	4
317321	万剑归宗	4	3
317322	毒刃索命	4	3
317323	回春剑意	4	3
317324	怒剑式	4	3
317325	同生共死	4	3
317326	一剑退敌	4	3
317327	七星剑牢	4	3
317328	迷魂剑阵	4	3
317329	八卦剑阵	4	3
317330	嘲天式	4	3
317331	水月式	4	3
317332	剑灵助战	4	3
317333	长虹贯日	4	3
317334	踏剑行	4	3
317335	剑魂加持	4	3
317336	碧血剑	4	3
317337	剑刃护体	4	3
317338	剑锋钉足	4	3
317350	插一根闪电伤害图腾	4	3
317351	插一根回血图腾	4	3
317352	插一根怒气图腾	4	3
317353	持续免疫眩晕	4	3
317354	增加自身攻击力	4	3
317355	释放减速陷阱	4	3
317356	释放伤害陷阱	4	3
317357	全屏火雨	4	3
317358	增加自身攻击力	4	3
317359	增加自身闪避率	4	3
317401	50级经验玉	4	4
317402	80级经验玉(小)	4	4
317403	80级经验玉(中)	4	5
317404	80级经验玉(大)	4	6
317405	100级经验玉(小)	4	4
317406	100级经验玉(中)	4	5
317407	100级经验玉(大)	4	6
321001	黄金VIP卡(永久)	4	6
321002	白银VIP卡（24小时）	4	4
321003	白银VIP卡（72小时）	4	4
321004	黄金vip（体验）	4	6
321005	白银Vip（7天）	4	5
321006	VIP3升级卡	4	6
322024	坐骑2阶	4	3
322025	坐骑3阶	4	3
322026	坐骑4阶	4	4
322027	坐骑5阶	4	4
322028	坐骑6阶	4	5
322029	坐骑7阶	4	5
322030	坐骑8阶	4	6
322031	坐骑9阶	4	6
322032	坐骑10阶	4	7
322033	使用50个背饰升阶丹	4	3
322034	背饰3阶	4	3
322035	背饰4阶	4	4
322036	背饰5阶	4	4
322037	背饰6阶	4	5
322038	背饰7阶	4	5
322039	背饰8阶	4	6
322040	背饰9阶	4	6
322041	背饰10阶	4	7
322042	充值排行第1名	4	7
322043	充值排行第2~3名	4	6
322044	充值排行第4~10名	4	5
322045	成为黄金VIP	4	4
322046	首届王城城主	4	7
322047	所有王族帮派成员	4	4
322048	王城争霸战	4	6
323001	背饰之心礼包(5)	4	4
323002	背饰之心礼包(15)	4	4
323003	背饰之心礼包(30)	4	4
323004	背饰之心礼包(50)	4	5
323005	背饰之心礼包(70)	4	5
323006	背饰之心礼包(80)	4	5
323007	背饰之心礼包(90)	4	6
323008	背饰之心礼包(100)	4	6
324001	全民大礼盒	4	5
324002	乾坤宝盒.魔族	4	6
324003	灭天宝盒.神族	4	7
324004	至尊魔兵宝盒	4	7
324005	神装法宝礼盒	4	6
324011	高级疯抢礼盒.珍品	4	3
324012	高级疯抢礼盒.稀世	4	4
324013	高级疯抢礼盒.英雄	4	5
324014	疯抢礼包.普通	4	2
324015	疯抢礼包.珍品	4	3
324016	疯抢礼包.稀有	4	4
324050	英雄礼盒.史诗	4	5
324051	英雄礼盒.稀有	4	4
331101	金花种子	4	6
331102	橙花种子	4	5
331103	紫花种子	4	4
331104	蓝花种子	4	3
331105	绿花种子	4	2
331202	【仙.火神祝融】	4	6
331203	【神·三界神王】	4	7
331204	【神·六合神王】	4	7
331205	【神·九五至尊】	4	7
331206	【神·齐天大圣】	4	7
331207	【魔·痛苦女王】	4	4
331208	【凡·典韦】	4	3
331209	【仙·鸿蒙天帝】	4	6
331210	【魔·骷髅王】	4	3
331211	【魔·刑天】	4	4
331212	【仙·哪咤】	4	3
331213	【凡·张角】	4	3
331214	【神·恐怖利刃】	4	7
331215	【神·火神祝融】（2小时）	4	7
331216	【神·葫芦小金刚】	4	7
331217	【神·太阳女神】	4	7
331218	【仙·雷震子】	4	3
331219	【魔·魑魅】	4	3
331220	【魔·牛魔王】	4	6
331221	【凡·貂蝉】	4	2
331222	【凡·孙尚香】	4	2
331223	【凡·孟获】	4	4
331224	【凡·张飞】	4	5
331225	【凡·烛龙】	4	7
331226	【凡·马超】	4	5
331227	【凡·吕布】	4	6
331228	【凡·赵云】	4	6
331229	【凡·诸葛亮】	4	7
331230	【魔·牛头马面】	4	3
331231	【魔·不朽尸王】	4	4
331232	【魔·孟婆】	4	7
331233	【魔·阎罗王】	4	5
331234	【魔·天妖皇】	4	5
331235	【魔·混沌魔】	4	6
331236	【魔·天鬼皇】	4	6
331237	【凡·典韦】（临时变身)	4	3
331238	【仙·嫦娥】	4	4
331239	【仙·盘丝大仙】	4	5
331240	【仙·东海龙王】	4	7
331241	【仙·潮汐海皇】	4	7
331242	【仙·九天玄女】	4	7
331243	【神·红孩儿】	4	7
331244	【仙·木德星君】	4	7
331245	【仙·巨灵神】	4	7
331246	【仙·水神共工】	4	7
331247	【仙·神武大帝】	4	6
331250	【神·斗战神】	4	7
331255	【神·火神祝融】（2分钟）	4	7
331256	【神·六道神王】	4	7
331301	【神·太阳女神】礼盒	4	7
331400	属性丹礼包	4	4
331401	力量丹	4	4
331402	敏捷丹	4	4
331403	智力丹	4	4
331404	攻击丹	4	4
331405	生命丹	4	4
331406	防御丹	4	4
331407	天命丹	4	4
331501	易容丹	4	5
331601	帮派改名令	4	5
331602	人物改名令	4	5
331701	武器经验+5000	4	4
331998	【神·红孩儿】（1分钟）	4	7
331999	神·红孩儿(40小时)	4	7
332001	多选大礼包	4	4
332002	1级白银多选礼包	4	4
332003	2级白银多选礼包	4	4
332004	随机多选礼包	4	4
332011	坐骑多选礼包	4	4
333001	新手卡	4	4
333002	特权卡	4	4
333003	VIP认证礼包	4	4
333004	VIP新游礼包	4	4
333005	VIP节日礼包	4	4
333006	一测独家礼包1	4	4
333007	一测独家礼包2	4	4
333008	一测独家礼包3	4	4
333009	一测独家礼包4	4	4
333010	一测独家礼包5	4	4
333011	一测普通礼包	4	4
333012	四测独家礼包1	4	4
333013	四测独家礼包2	4	4
333014	四测独家礼包3	4	4
333015	四测独家礼包4	4	4
333016	四测独家礼包5	4	4
333017	四测普通礼包	4	4
333018	正式独家礼包1	4	4
333019	正式独家礼包2	4	4
333020	正式独家礼包3	4	4
333021	正式独家礼包4	4	4
333022	正式独家礼包5	4	4
333023	正式普通礼包	4	4
333024	等级礼包	4	4
333025	YY平台特权卡	4	4
333026	YY平台公民卡	4	4
333027	YY平台皇室卡	4	4
333100	【仙.魔尊蚩尤】(1天)	4	6
333101	【神.火神祝融】(3天)	4	6
333102	【神·三界神王】(1天)	4	7
333103	【神·六合神王】(1天)	4	7
333104	【神·九五至尊】(1天)	4	7
333105	【神·齐天大圣】(3天)	4	7
333106	【魔·痛苦女王】(1天)	4	4
333107	【凡·典韦】(1天)	4	3
333108	【魔·鸿蒙天帝】(1天)	4	6
333109	【魔·骷髅王】(1天)	4	3
333110	【魔·刑天】(1天)	4	4
333111	【仙·哪咤】(1天)	4	3
333112	【凡·张角】(1天)	4	3
333113	【神·恐怖利刃】(3天)	4	7
333114	【神·葫芦小金刚】(1天)	4	7
333115	【神·太阳女神】(3天)	4	7
333116	【仙·雷震子】(1天)	4	3
333117	【魔·魑魅】(1天)	4	3
333118	【魔·牛魔王】(1天)	4	6
333119	【凡·貂蝉】(1天)	4	2
333120	【凡·孙尚香】(1天)	4	2
333121	【凡·孟获】(1天)	4	4
333122	【凡·张飞】(1天)	4	5
333123	【凡·烛龙】(1天)	4	7
333124	【凡·马超】(1天)	4	5
333125	【凡·吕布】(1天)	4	6
333126	【凡·赵云】(1天)	4	7
333127	【凡·诸葛亮】(1天)	4	7
333128	【魔·牛头马面】(1天)	4	3
333129	【魔·不朽尸王】(1天)	4	4
333130	【魔·孟婆】(1天)	4	7
333131	【魔·阎罗王】(1天)	4	5
333132	【魔·天妖皇】(1天)	4	5
333133	【魔·混沌魔】(1天)	4	6
333134	【魔·天鬼皇】(1天)	4	6
333135	【凡·典韦】(1天)	4	3
333136	【仙·嫦娥】(1天)	4	4
333137	【仙·盘丝大仙】(1天)	4	5
333138	【仙·东海龙王】(1天)	4	7
333139	【仙·潮汐海皇】(1天)	4	7
333140	【仙·九天玄女】(1天)	4	7
333141	【神·红孩儿】(3天)	4	7
333142	【仙·木德星君】(1天)	4	7
333143	【仙·巨灵神】(1天)	4	7
333144	【仙·水神共工】(1天)	4	7
333145	【仙·神武大帝】(3天)	4	6
333146	【神·斗战神】(7天)	4	7
333147	【仙·神武大帝】(1天)	4	6
333200	【仙·嫦娥】(36小时)	4	4
333300	【凡·吕布】(1天)	4	6
334100	属性丹多选礼包	4	4
334110	[免费领取$ff00baff$songti_14_strengh]	4	4
334111	[元宝领取$ff00baff$songti_14_strengh]	4	4
334112	[元宝领取$ff00baff$songti_14_strengh]	4	4
334113	[元宝领取$ff00baff$songti_14_strengh]	4	4
334114	半神血阳铁宝箱	4	5
334115	斗战神称号	4	6
334116	大战神称号	4	6
334117	战神称号	4	6
334118	仙族变身	4	5
334119	战宠进阶丹	3	4
334120	战宠进阶丹（时效）	3	4
334121	中阶战宠进阶丹	3	4
334122	中阶战宠进阶丹（时效）	3	4
334123	高阶战宠进阶丹	3	4
334124	高阶战宠进阶丹（时效）	3	4
341000	各等级元宝宝箱	4	6
341001	40级元宝宝箱	4	6
341002	60级元宝宝箱	4	6
341003	100级元宝宝箱	4	6
341004	140级元宝宝箱	4	6
341005	160级元宝宝箱	4	6
341006	橙色魔兵宝箱	4	5
341007	金色魔兵宝箱	4	6
341008	红色魔兵宝箱	4	7
341009	橙色法宝宝箱	4	5
341010	金色法宝宝箱	4	6
341011	红色法宝宝箱	4	7
341012	打折礼包	4	4
341013	正常礼包	4	4
341014	多选礼包	4	4
341015	多选礼包（条件）	4	4
341016	有开启条件礼包	4	4
341017	开启有概率获得礼包	4	4
341018	坐骑魔丹（有使用条件的道具）	3	4
341019	坐骑魔丹（参考，无用)	3	4
341101	绑定铜钱(8万)	4	5
341102	绑定铜钱(10万)	4	5
341103	绑定铜钱(15万)	4	5
341104	绑定铜钱(20万)	4	5
341105	绑定铜钱(50万)	4	5
341106	100绑定元宝	4	5
341107	80级元宝宝箱	4	6
341108	120级元宝宝箱	4	6
341209	高級元寶寶箱	4	6
397970	游戏收藏礼包	4	4
398904	单笔充值100元	4	4
398905	单笔充值300元	4	4
398906	单笔充值500元	4	4
398907	单笔充值1000元	4	5
398908	单笔充值2000元	4	5
398909	单笔充值100元	4	4
398910	单笔充值300元	4	4
398911	单笔充值500元	4	4
398912	单笔充值1000元	4	5
398913	单笔充值2000元	4	5
398914	单笔充值100元	4	4
398915	单笔充值300元	4	4
398916	单笔充值500元	4	4
398917	单笔充值1000元	4	5
398918	单笔充值2000元	4	5
398919	单笔充值100元	4	4
398920	单笔充值300元	4	4
398921	单笔充值500元	4	4
398922	单笔充值1000元	4	5
398923	单笔充值2000元	4	5
398924	单笔充值100元	4	4
398925	单笔充值300元	4	4
398926	单笔充值500元	4	4
398927	单笔充值1000元	4	5
398928	单笔充值2000元	4	5
398929	单笔充值100元	4	4
398930	单笔充值300元	4	4
398931	单笔充值500元	4	4
398932	单笔充值1000元	4	5
398933	单笔充值2000元	4	5
398934	单笔充值100元	4	4
398935	单笔充值300元	4	4
398936	单笔充值500元	4	4
398937	单笔充值1000元	4	5
398938	单笔充值2000元	4	5
398939	单笔充值50元	4	4
398940	单笔充值300元	4	4
398941	单笔充值50元	4	4
398942	单笔充值300元	4	4
398943	单笔充值50元	4	4
398944	单笔充值300元	4	4
398945	单笔充值50元	4	4
398946	单笔充值300元	4	4
398947	单笔充值50元	4	4
398948	单笔充值300元	4	4
398949	单笔充值50元	4	4
398950	单笔充值300元	4	4
398951	单笔充值50元	4	4
398952	单笔充值300元	4	4
398990	累积储值200000元宝（合服）	4	4
398991	累积储值500000元宝（合服）	4	4
398992	累积储值1000000元宝（合服）	4	4
398993	累积储值2000000元宝（合服）	4	5
398994	累积储值3500000元宝（合服）	4	5
398995	累积储值5000000元宝（合服）	4	5
398996	累积储值10000000元宝（合服）	4	6
399000	中秋节大礼包	4	5
399001	中秋节至尊礼包	4	6
399002	中	3	5
399003	秋	3	5
399004	节	3	5
399005	快	3	5
399006	乐	3	5
399007	中秋节礼包	4	5
399008	探险大礼包	4	6
399801	三国统一礼包	4	4
399802	跨服胜利礼包	4	4
399803	三界神王礼包	4	7
399804	六道神王礼包	4	7
399840	大声望卡宝箱	4	4
399841	中声望卡宝箱	4	4
399842	小声望卡宝箱	4	4
399843	紫色变身宝箱	4	4
399844	橙色变身宝箱	4	5
399845	金色变身宝箱	4	6
399846	60级装备宝箱	4	4
399847	80级装备宝箱	4	4
399848	100级装备宝箱	4	4
399849	极品宝盒	4	4
399850	40级灵殇装备	4	4
399851	一阶金色魔兵宝箱	4	6
399852	二阶金色魔兵宝箱	4	6
399853	三阶金色魔兵宝箱	4	6
399854	四阶金色魔兵宝箱	4	6
399855	五阶金色魔兵宝箱	4	6
399856	一阶金色法宝宝箱	4	6
399857	二阶金色法宝宝箱	4	6
399858	三阶金色法宝宝箱	4	6
399859	四阶金色法宝宝箱	4	6
399860	五阶金色法宝宝箱	4	6
399861	炫耀礼包宝盒	4	6
399862	60级紫金装备	4	4
399863	80级龙樱装备	4	4
399864	100级天玄装备	4	4
399865	120级七宝装备	4	4
399866	140级鎏虹装备	4	4
399867	160级百战装备	4	4
399868	180级鸿鸣装备	4	4
399869	200级无极装备	4	4
399870	橙色魔兵宝箱	4	5
399871	金色魔兵宝箱	4	6
399872	红色魔兵宝箱	4	7
399873	橙色法宝宝箱	4	5
399874	金色法宝宝箱	4	6
399875	一阶金色魔兵礼包	4	6
399880	属性丹宝盒	4	4
399881	神魔宝箱	4	4
399882	中阶神魔宝箱	4	4
399883	高阶神魔宝箱	4	4
399884	500绑定铜钱	4	5
399888	绑定铜钱(400万)	4	5
399889	绑定铜钱(300万)	4	5
399890	绑定铜钱(200万)	4	5
399891	变身礼包（测试专用）	4	4
399892	30万绑定铜钱	4	5
399893	蓝·仙子本元	3	3
399894	紫·仙子本元	3	4
399895	橙·仙子本元	3	5
399901	首充礼包	4	5
399902	天天首充	4	5
399903	首次微端礼包	4	4
399904	天天微端礼包	4	4
399905	六阶金色魔兵宝箱	4	6
399906	七阶金色魔兵宝箱	4	6
399907	八阶金色魔兵宝箱	4	6
399909	九阶金色魔兵宝箱	4	6
399911	六阶金色法宝宝箱	4	6
399912	七阶金色法宝宝箱	4	6
399913	八阶金色法宝宝箱	4	6
399914	九阶金色法宝宝箱	4	6
399920	累积充值200元(开服)	4	4
399921	累积充值500元(开服)	4	4
399922	累积充值1000元(开服)	4	4
399923	累积充值2000元(开服)	4	5
399924	累积充值3500元(开服)	4	5
399925	累积充值5000元(开服)	4	5
399926	累积充值10000元(开服)	4	6
399927	废除_原类型35	4	6
399928	坐骑秒杀礼盒	4	5
399929	坐骑飙升礼盒	4	7
399930	强化秒杀礼盒	4	5
399931	强化飙升礼盒	4	7
399932	背饰秒杀礼盒	4	5
399933	背饰飙升礼盒	4	7
399934	变身秒杀礼盒	4	5
399935	变身飙升礼盒	4	7
399936	神器秒杀礼盒	4	5
399937	神器飙升礼盒	4	7
399938	高富帅大礼盒	4	7
399939	法宝·圣剑宝箱（五天）	4	7
399940	橙色仙子宝箱	4	5
399941	紫钻贵族礼盒	4	3
399942	至尊贵族礼盒	4	5
399943	武器经验丹	1	4
399944	帮派升级礼包	4	4
399945	0.8倍经验	4	4
399946	1倍经验	4	4
399947	1.2倍经验	4	5
399948	1.4倍经验	1	5
399949	1.6倍经验	4	6
399950	1.8倍经验	4	6
399951	2倍经验	4	7
399952	0.8倍掉率	4	4
399953	1倍掉率	1	4
399954	1.2倍掉率	4	5
399955	1.4倍掉率	4	5
399956	1.6倍掉率	4	6
399957	1.8倍掉率	4	6
399958	2倍掉率	1	7
399959	微信礼包	4	4
399960	土豪秒杀礼盒	4	5
399961	转生大礼包	4	6
399962	1倍掉率	4	4
399963	2倍掉率	1	4
399964	3倍掉率	4	5
399965	4倍掉率	4	5
399966	5倍掉率	4	6
399967	6倍掉率	4	6
399968	7倍掉率	1	7
399970	诛天战神礼包	4	7
399971	大战神礼包	4	6
399972	战神礼包	4	5
399973	战帝礼包	4	4
399974	战皇礼包	4	4
399975	战王礼包	4	3
399976	战将礼包	4	3
399977	战神参与礼包	4	2
399978	周·斗战神礼包	4	7
399979	周·大战神礼包	4	6
399980	周·战神礼包	4	5
399981	周·战帝礼包	4	4
399982	周·战帝礼包	4	4
399983	一阶金色魔兵宝箱	4	6
399984	二阶金色魔兵宝箱	4	6
399985	二阶红色魔兵宝箱	4	7
399986	四阶红色魔兵宝箱	4	7
399987	六阶红色魔兵宝箱	4	7
399988	四阶红色魔兵宝箱	4	7
399989	三阶金色法宝宝箱	4	6
399990	四阶金色法宝宝箱	4	6
399991	紫色仙子	4	7
399992	橙装秒杀礼盒	4	5
399993	55级紫装防御包	4	4
399994	55级紫装攻击包	4	4
399995	保送二阶坐骑	4	6
399996	三阶坐骑礼包	4	6
399997	保送二阶背饰	4	6
399998	保送三阶神器礼盒	4	6
399999	五阶金色法宝宝箱	4	6
400000	二阶金色法宝宝箱	4	6
400001	战宠秒杀礼盒	4	5
400002	战宠飙升礼盒	4	7
400003	武器秒杀礼盒	4	5
400004	武器飙升礼盒	4	7
400005	保送三阶战宠礼盒	4	6
400006	保送三阶坐骑礼盒	4	6
400007	保送三阶武器礼盒	4	6
400008	保送二阶背饰礼盒	4	6
400009	天下第一壕	4	4
400010	神魔诛天	4	6
400011	捉妖境1层宝箱	4	6
400012	捉妖境2层宝箱	4	6
400013	捉妖境3层宝箱	4	6
400014	捉妖境4层宝箱	4	6
400015	捉妖境5层宝箱	4	6
400016	捉妖境6层宝箱	4	6
400017	捉妖境7层宝箱	4	6
400018	捉妖境8层宝箱	4	6
400019	捉妖境9层宝箱	4	6
400020	屠魔境1层宝箱	4	6
400021	屠魔境2层宝箱	4	6
400022	屠魔境3层宝箱	4	6
400023	屠魔境4层宝箱	4	6
400024	屠魔境5层宝箱	4	6
400025	屠魔境6层宝箱	4	6
400026	屠魔境7层宝箱	4	6
400027	屠魔境8层宝箱	4	6
400028	屠魔境9层宝箱	4	6
400029	封鬼境1层宝箱	4	6
400030	封鬼境2层宝箱	4	6
400031	封鬼境3层宝箱	4	6
400032	封鬼境4层宝箱	4	6
400033	封鬼境5层宝箱	4	6
400034	封鬼境6层宝箱	4	6
400035	封鬼境7层宝箱	4	6
400036	封鬼境8层宝箱	4	6
400037	封鬼境9层宝箱	4	6
400038	摄魂境1层宝箱	4	6
400039	摄魂境2层宝箱	4	6
400040	摄魂境3层宝箱	4	6
400041	摄魂境4层宝箱	4	6
400042	摄魂境5层宝箱	4	6
400043	摄魂境6层宝箱	4	6
400044	摄魂境7层宝箱	4	6
400045	摄魂境8层宝箱	4	6
400046	摄魂境9层宝箱	4	6
400047	斗佛境1层宝箱	4	6
400048	斗佛境2层宝箱	4	6
400049	斗佛境3层宝箱	4	6
400050	斗佛境4层宝箱	4	6
400051	斗佛境5层宝箱	4	6
400052	斗佛境6层宝箱	4	6
400053	斗佛境7层宝箱	4	6
400054	斗佛境8层宝箱	4	6
400055	斗佛境9层宝箱	4	6
400056	灭圣境1层宝箱	4	6
400057	灭圣境2层宝箱	4	6
400058	灭圣境3层宝箱	4	6
400059	灭圣境4层宝箱	4	6
400060	灭圣境5层宝箱	4	6
400061	灭圣境6层宝箱	4	6
400062	灭圣境7层宝箱	4	6
400063	灭圣境8层宝箱	4	6
400064	灭圣境9层宝箱	4	6
400065	斩仙境1层宝箱	4	6
400066	斩仙境2层宝箱	4	6
400067	斩仙境3层宝箱	4	6
400068	斩仙境4层宝箱	4	6
400069	斩仙境5层宝箱	4	6
400070	斩仙境6层宝箱	4	6
400071	斩仙境7层宝箱	4	6
400072	斩仙境8层宝箱	4	6
400073	斩仙境9层宝箱	4	6
400074	弑神境1层宝箱	4	6
400075	弑神境2层宝箱	4	6
400076	弑神境3层宝箱	4	6
400077	弑神境4层宝箱	4	6
400078	弑神境5层宝箱	4	6
400079	弑神境6层宝箱	4	6
400080	弑神境7层宝箱	4	6
400081	弑神境8层宝箱	4	6
400082	弑神境9层宝箱	4	6
400083	诛天境1层宝箱	4	6
400084	诛天境2层宝箱	4	6
400085	诛天境3层宝箱	4	6
400086	诛天境4层宝箱	4	6
400087	诛天境5层宝箱	4	6
400088	诛天境6层宝箱	4	6
400089	诛天境7层宝箱	4	6
400090	诛天境8层宝箱	4	6
400091	诛天境9层宝箱	4	6
400092	优秀反馈礼包	4	4
400093	有效反馈礼包	4	3
400094	三阶红色魔兵宝箱	4	7
400095	五阶红色魔兵宝箱	4	7
400096	一阶红色魔兵宝箱	4	7
400100	保送三阶武器礼盒	4	6
400101	超级经验球	3	4
400102	普通经验球	3	3
400108	保送三阶背饰礼盒	4	6
400109	保送四阶战宠礼盒	4	6
400110	保送四阶坐骑礼盒	4	6
400111	保送五阶坐骑礼盒	4	6
400120	武器直升一阶丹	1	6
400121	直升VIP2	4	6
400122	帮派BOSS击杀礼包	4	4
400123	保送二阶神器礼盒	4	6
400124	保送三阶神器礼盒	4	6
400125	保送二阶背饰礼盒	4	6
400126	保送三阶背饰礼盒	4	6
400127	三折战宠礼盒	4	6
400128	四折战宠礼盒	4	6
400129	保送五阶武器礼盒	4	6
400130	保送六阶武器礼盒	4	6
400131	三折坐骑礼盒	4	6
400132	四折坐骑礼盒	4	6
400133	三折变身礼盒	4	6
400134	四折变身礼盒	4	6
400135	老服礼包	4	5
400136	新服礼包	4	5
400137	预热礼包	4	4
400138	高级预热礼包	4	5
400139	神魔行者	4	6
400140	黄钻新手礼包	4	6
400141	黄钻LV.1每日礼包	4	6
400142	黄钻LV.2每日礼包	4	6
400143	黄钻LV.3每日礼包	4	6
400144	黄钻LV.4每日礼包	4	6
400145	黄钻LV.5每日礼包	4	6
400146	黄钻LV.6每日礼包	4	6
400147	黄钻LV.7每日礼包	4	6
400148	黄钻LV.8每日礼包	4	6
400149	年费黄钻每日会员	4	6
400150	黄钻等级礼包60	4	6
400151	黄钻等级礼包70	4	6
400152	黄钻等级礼包80	4	6
400153	黄钻等级礼包90	4	6
400154	黄钻等级礼包100	4	6
400155	黄钻等级礼包110	4	6
400160	限时强化礼包（+10）	4	4
400161	限时强化礼包（+15）	4	4
400162	限时强化礼包（+20）	4	4
400163	限时强化礼包（+25）	4	4
400164	限时强化礼包（+30）	4	4
400165	限时强化礼包（+35）	4	4
400166	限时强化礼包（+40）	4	4
400167	限时强化礼包（+45）	4	4
400168	限时强化礼包（+49）	4	4
400169	三阶坐骑限时宝箱	4	4
400170	四阶坐骑限时宝箱	4	4
400171	五阶坐骑限时宝箱	4	4
400172	六阶坐骑限时宝箱	4	4
400173	七阶坐骑限时宝箱	4	4
400174	八阶坐骑限时宝箱	4	4
400175	九阶坐骑限时宝箱	4	4
400176	十阶坐骑限时宝箱	4	4
400177	三阶背饰限时宝箱	4	4
400178	四阶背饰限时宝箱	4	4
400179	五阶背饰限时宝箱	4	4
400180	六阶背饰限时宝箱	4	4
400181	七阶背饰限时宝箱	4	4
400182	八阶背饰限时宝箱	4	4
400183	九阶背饰限时宝箱	4	4
400184	十阶背饰限时宝箱	4	4
400185	三阶神器限时宝箱	4	4
400186	四阶神器限时宝箱	4	4
400187	五阶神器限时宝箱	4	4
400188	六阶神器限时宝箱	4	4
400189	七阶神器限时宝箱	4	4
400190	八阶神器限时宝箱	4	4
400191	九阶神器限时宝箱	4	4
400192	十阶神器限时宝箱	4	4
400193	三阶战宠限时宝箱	4	4
400194	四阶战宠限时宝箱	4	4
400195	五阶战宠限时宝箱	4	4
400196	六阶战宠限时宝箱	4	4
400197	七阶战宠限时宝箱	4	4
400198	八阶战宠限时宝箱	4	4
400199	九阶战宠限时宝箱	4	4
400200	十阶战宠限时宝箱	4	4
400201	三阶武器限时宝箱	4	4
400202	四阶武器限时宝箱	4	4
400203	五阶武器限时宝箱	4	4
400204	六阶武器限时宝箱	4	4
400205	七阶武器限时宝箱	4	4
400206	八阶武器限时宝箱	4	4
400207	九阶武器限时宝箱	4	4
400208	十阶武器限时宝箱	4	4
400209	青铜竞技场宝箱	4	6
400210	白银竞技场宝箱	4	6
400211	黄金竞技场宝箱	4	7
400212	白金竞技场宝箱	4	7
400213	钻石竞技场宝箱	4	7
400214	大师竞技场宝箱	4	7
400215	王者竞技场宝箱	4	7
400216	5阶随机宝箱	4	6
400217	6阶随机宝箱	4	6
400218	7阶随机宝箱	4	6
400219	8阶随机宝箱	4	6
400220	9阶随机宝箱	4	6
400330	你瞅啥	4	4
400331	瞅你咋滴	4	4
400332	全服我最叼	4	4
400601	迷你礼包	4	3
400602	微型礼包	4	3
400603	普通礼包	4	3
400604	小型礼包	4	4
400605	中型礼包	4	4
400606	大型礼包	4	4
400607	巨型礼包	4	5
400608	终极礼包	4	5
400701	v计划会员特供	4	6
400702	年费v计划会员特供	4	6
400703	V计划每日礼包-v1	4	6
400704	V计划每日礼包-v2	4	6
400705	V计划每日礼包-v3	4	6
400706	V计划每日礼包-v4	4	6
400707	V计划每日礼包-v5	4	6
400708	V计划每日礼包-年费	4	6
400709	v计划等级礼包-60	4	6
400710	v计划等级礼包-80	4	6
400711	v计划等级礼包-100	4	6
400712	v计划等级礼包-120	4	6
400713	v计划等级礼包-140	4	6
400714	v计划等级礼包-160	4	6
400715	v计划-消费10元	4	6
400716	v计划-消费50元	4	6
400717	v计划-消费100元	4	6
400718	v计划-消费300元	4	6
400719	v计划-消费500元	4	6
400720	三界神王礼包	4	4
400721	神铁礼包	4	4
400722	蓝钻续费礼包	4	6
400723	六道神王礼包	4	6
400724	六道神王礼包.打折	4	6
400725	三界神王礼包.打折	4	6
400726	QQ浏览器新手礼包	4	6
400727	QQ浏览器每日礼包	4	6
400728	QQ浏览器60	4	6
400729	QQ浏览器70	4	6
400730	QQ浏览器80	4	6
400731	QQ浏览器90	4	6
400732	QQ浏览器100	4	6
400733	QQ浏览器110	4	6
400734	TGP新手礼包	4	6
400735	TGP每日礼包	4	6
400736	TGP60	4	6
400737	TGP70	4	6
400738	TGP80	4	6
400739	TGP90	4	6
400740	TGP100	4	6
400741	TGP110	4	6
400742	游戏盒子新手礼包	4	6
400743	游戏盒子每日礼包	4	6
400744	游戏盒子60	4	6
400745	游戏盒子70	4	6
400746	游戏盒子80	4	6
400747	游戏盒子90	4	6
400748	游戏盒子100	4	6
400749	游戏盒子110	4	6
400801	胜利阵营礼包	4	3
400802	失败阵营礼包	4	3
400803	积分100礼包	4	3
400804	积分300礼包	4	4
400805	积分500礼包	4	4
400806	积分1000礼包	4	4
400807	平局阵营礼包	4	3
400901	e-play300好礼	4	3
400902	e-play1000好礼	4	3
400903	mycard 普通虚宝	4	3
400904	mycard 高级虚宝	4	4
400905	魅力之星大礼包	4	4
400906	助跑好礼	4	4
400911	新手卡	4	3
400912	FB礼包	4	3
400913	媒体卡	4	3
400914	平台商城礼包	4	4
400915	注册礼包	4	4
400916	祝福礼包	4	4
400917	分享礼包	4	3
400918	平台V1礼包	4	3
400919	平台V3礼包	4	3
400920	平台V5礼包	4	4
400921	平台V6礼包	4	4
400922	平台V7礼包	4	4
400923	初级点赞礼包	4	3
400924	中级点赞礼包	4	3
400925	高级点赞礼包	4	3
400926	全民礼包	4	4
400999	商城随机礼包	4	4
401101	迅雷金钻1级礼包	4	4
401102	迅雷金钻2级礼包	4	4
401103	迅雷金钻3级礼包	4	4
401104	迅雷金钻4级礼包	4	4
401105	迅雷金钻5级礼包	4	4
401106	迅雷金钻6级礼包	4	4
401107	迅雷金钻7级礼包	4	4
401201	顺网会员一级	4	4
401202	顺网会员二级	4	4
401203	顺网会员三级	4	4
401204	顺网会员四级	4	4
401205	顺网会员五级	4	4
401301	顺网会员一级.称号	4	4
401302	顺网会员二级.称号	4	4
401303	顺网会员三级.称号	4	4
401304	顺网会员四级.称号	4	4
401305	顺网会员五级.称号	4	4
401306	安全卫士1级	4	4
401307	安全卫士2级	4	4
401308	安全卫士3级	4	4
401309	安全卫士4级	4	4
401310	安全卫士5级	4	4
401311	安全卫士6级	4	4
401312	安全卫士7级	4	4
401313	360特权（5级）	4	4
401314	360特权（10级）	4	4
401315	360特权（15级）	4	4
401316	360特权（25级）	4	4
401317	360特权（30级）	4	4
401318	新手卡	4	4
401319	进群礼包	4	4
401320	黄金礼包	4	4
401321	钻石礼包	4	4
401322	新手卡	4	4
401323	白金礼包	4	4
401324	黄金礼包	4	4
401325	钻石礼包	4	4
401326	新手卡	4	4
401327	白金礼包	4	4
401328	黄金礼包	4	4
401329	钻石礼包	4	4
401330	新手卡	4	4
401331	媒体礼包	4	4
401332	积分礼包	4	4
401333	手机礼包	4	4
401334	微信公众号礼包	4	4
401335	盒子页游特权礼包	4	4
401336	盒子页游初级礼包	4	4
401337	盒子页游至尊礼包	4	4
401338	盒签到抽奖礼包	4	4
401339	新手卡	4	4
401340	手机礼包	4	4
401341	盒子登录积分礼包	4	4
401345	微信卡	4	4
401346	手机卡	4	4
401347	平台特权卡	4	4
401348	vip生日卡	4	4
401349	交流群礼包	4	4
401350	顺网超级会员礼包	4	4
401351	顺网皇族	4	6
401352	普通礼包	4	4
401353	媒体礼包	4	4
401354	独家卡	4	4
401355	土豪礼包	4	4
401356	至尊礼包	4	4
401357	vip礼包	4	4
401358	贵宾礼包	4	4
401359	超贵宾礼包	4	4
401360	大R试玩礼包	4	4
401361	媒体礼包1	4	4
401362	媒体礼包2	4	4
401363	媒体礼包3	4	4
401364	导量渠道礼包	4	4
401365	老玩家转移礼包	4	4
401370	渠道礼包	4	4
401371	初级媒体卡	4	4
401372	中级媒体卡	4	4
401373	紫金媒体卡	4	4
401374	钻石媒体卡	4	4
401375	猛龙过江	4	4
401376	大闹天宫	4	4
401377	毁天灭地	4	4
401378	豪华礼包	4	4
401379	管家渠道礼包	4	4
401380	连续充值1天	4	4
401381	连续充值2天	4	4
401382	连续充值3天	4	4
401383	连续充值4天	4	4
401384	连续充值5天	4	4
401385	连续充值6天	4	4
401386	连续充值7天	4	4
401387	商城宝箱	4	4
401388	活动礼包	4	4
401389	青铜礼包	4	4
401390	白银礼包	4	4
401391	黄金礼包	4	4
401392	白金礼包	4	4
401393	积分大礼包	4	4
401394	最强仙尊	4	7
401395	八荒武尊	4	6
401396	六合武尊	4	5
401397	四级武尊	4	4
401398	双龙武尊	4	4
401399	最强仙尊	4	7
401400	八荒武尊	4	6
401401	六合武尊	4	5
401402	四级武尊	4	4
401403	双龙武尊	4	4
401404	神魔礼包	4	4
401405	达人礼包	4	4
401406	超神礼包	4	4
401407	188新手礼包	4	4
401408	黄金玩家礼包	4	4
401409	神魔至尊礼包	4	4
401410	登陆礼包（1天）	4	4
401411	登陆礼包（2天）	4	4
401412	登陆礼包（3天）	4	4
401413	登陆礼包（5天）	4	4
401414	登陆礼包（7天）	4	4
401415	收藏礼包	4	4
401417	人尊宝箱（坐骑）	4	4
401418	地尊宝箱（坐骑）	4	5
401419	天尊宝箱（坐骑）	4	6
401420	人尊宝箱（背饰）	4	4
401421	地尊宝箱（背饰）	4	5
401422	天尊宝箱（背饰）	4	6
401423	人尊宝箱（神器）	4	4
401424	地尊宝箱（神器）	4	5
401425	天尊宝箱（神器）	4	6
401426	人尊宝箱（战宠）	4	4
401427	地尊宝箱（战宠）	4	5
401428	天尊宝箱（战宠）	4	6
401429	人尊宝箱（武器）	4	4
401430	地尊宝箱（武器）	4	5
401431	天尊宝箱（武器）	4	6
401432	人尊宝箱（变身）	4	4
401433	地尊宝箱（变身）	4	5
401434	天尊宝箱（变身）	4	6
401435	QQ游戏大厅新手礼包	4	6
401436	QQ游戏大厅每日礼包	4	6
401437	QQ游戏大厅礼包60	4	6
401438	QQ游戏大厅礼包70	4	6
401439	QQ游戏大厅礼包80	4	6
401440	QQ游戏大厅礼包90	4	6
401441	QQ游戏大厅礼包100	4	6
401442	QQ游戏大厅礼包110	4	6
401443	QQ游戏大厅每周礼包	4	6
401444	神魔精品礼包	4	6
401445	背饰礼盒	4	6
401446	高级背饰礼盒	4	6
401447	武器礼盒	4	6
401448	高级武器礼盒	4	6
401449	坐骑礼盒	4	6
401450	高级坐骑礼盒	4	6
401451	有效反馈礼包	4	3
401452	补偿礼包	4	4
401500	蓝钻新手礼包	4	6
401501	蓝钻LV.1每日礼包	4	6
401502	蓝钻LV.2每日礼包	4	6
401503	蓝钻LV.3每日礼包	4	6
401504	蓝钻LV.4每日礼包	4	6
401505	蓝钻LV.5每日礼包	4	6
401506	蓝钻LV.6每日礼包	4	6
401507	蓝钻LV.7每日礼包	4	6
401509	年费蓝钻每日会员	4	6
401510	蓝钻等级礼包60	4	6
401511	蓝钻等级礼包70	4	6
401512	蓝钻等级礼包80	4	6
401513	蓝钻等级礼包90	4	6
401514	蓝钻等级礼包100	4	6
401515	蓝钻等级礼包110	4	6
401525	顺网会员一级.称号	4	6
401526	顺网会员二级.称号	4	6
401527	顺网会员三级.称号	4	6
401528	顺网会员四级.称号	4	6
401529	顺网会员五级.称号	4	6
405001	守卫至尊战神	4	3
405002	守卫至尊战帝	4	3
405003	守卫至尊帝王	4	3
405004	守卫至尊战皇	4	3
405005	守卫至尊战王	4	3
405006	守卫至尊战将	4	3
405007	守卫至尊守将	4	3
405008	守卫至尊守卫	4	3
405011	跨服战场胜利	4	3
405012	跨服战场失败	4	3
405021	跨服战场排名第1	4	3
405022	跨服战场排名第2	4	3
405023	跨服战场排名第3	4	3
405024	跨服战场排名第4	4	3
405025	跨服战场排名第5	4	3
405026	跨服战场排名第6	4	3
405027	跨服战场排名第7	4	3
405028	跨服战场排名第8	4	3
405029	跨服战场排名第9	4	3
405030	跨服战场排名第10	4	3
407001	四阶坐骑限时宝箱	4	4
407002	四阶背饰限时宝箱	4	4
407003	四阶神器限时宝箱	4	4
407004	四阶战宠限时宝箱	4	4
407005	四阶武器限时宝箱	4	4
407006	四阶星轮限时宝箱	4	4
413101	喇叭	3	3
451003	青龙令	3	4
451004	白虎令	3	4
451005	朱雀令	3	4
451006	玄武令	3	4
451007	龙鳞	3	5
451008	虎骨	3	5
451009	凤羽	3	5
451010	龟壳	3	5
455001	强化石	3	4
455021	半神血阳铁	3	5
455022	真神血阳铁	3	6
455023	超神血阳铁	3	7
455024	逆天血阳铁	3	7
455040	宝石精华	3	4
455050	半神血阳铁碎片	3	5
455051	金色宝盒碎片	3	6
455052	红色宝盒碎片	3	7
455053	真神血阳铁碎片	3	6
455054	超神血阳铁碎片	3	7
455055	逆天血阳铁碎片	3	7
455061	橙色魔兵碎片	3	5
455062	金色魔兵碎片	3	6
455063	红色魔兵碎片	3	7
455100	法宝碎片	3	4
455101	神魔魂（60级）	3	4
455102	神魔魂（80级）	3	4
455103	神魔魂（100级）	3	4
455104	神魔魂（120级）	3	4
455105	神魔魂（140级）	3	4
455106	神魔魂（160级）	3	4
455107	神魔魂（180级）	3	4
455108	神魔魂（190级）	3	4
455121	诛天魄（60级）	3	4
455122	诛天魄（80级）	3	4
455123	诛天魄（100级）	3	4
455124	诛天魄（120级）	3	4
455125	诛天魄（140级）	3	4
455126	诛天魄（160级）	3	4
455127	诛天魄（180级）	3	4
455128	诛天魄（190级）	3	4
455129	橙色法宝碎片	3	5
455130	金色法宝碎片	3	6
455131	红色法宝碎片	3	7
455318	一星精魂	3	5
455319	两仪精魂	3	5
455320	三才精魂	3	5
455321	四象精魂	3	6
455322	五行精魂	3	6
455323	六道精魂	3	6
455324	七杀精魂	3	7
455325	八荒精魂	3	7
455326	九帝精魂	3	7
456000	洗炼石	3	3
456001	洗炼锁	3	4
456002	紫色洗炼石	3	4
456003	橙色洗炼石	3	5
457001	一级攻击宝石	3	4
457002	二级攻击宝石	3	4
457003	三级攻击宝石	3	4
457004	四级攻击宝石	3	4
457005	五级攻击宝石	3	4
457006	六级攻击宝石	3	4
457007	七级攻击宝石	3	4
457008	八级攻击宝石	3	4
457009	九级攻击宝石	3	4
457010	一级生命宝石	3	4
457011	二级生命宝石	3	4
457012	三级生命宝石	3	4
457013	四级生命宝石	3	4
457014	五级生命宝石	3	4
457015	六级生命宝石	3	4
457016	七级生命宝石	3	4
457017	八级生命宝石	3	4
457018	九级生命宝石	3	4
457019	一级防御宝石	3	4
457020	二级防御宝石	3	4
457021	三级防御宝石	3	4
457022	四级防御宝石	3	4
457023	五级防御宝石	3	4
457024	六级防御宝石	3	4
457025	七级防御宝石	3	4
457026	八级防御宝石	3	4
457027	九级防御宝石	3	4
457028	一级力量宝石	3	4
457029	二级力量宝石	3	4
457030	三级力量宝石	3	4
457031	四级力量宝石	3	4
457032	五级力量宝石	3	4
457033	六级力量宝石	3	4
457034	七级力量宝石	3	4
457035	八级力量宝石	3	4
457036	九级力量宝石	3	4
457037	一级智力宝石	3	4
457038	二级智力宝石	3	4
457039	三级智力宝石	3	4
457040	四级智力宝石	3	4
457041	五级智力宝石	3	4
457042	六级智力宝石	3	4
457043	七级智力宝石	3	4
457044	八级智力宝石	3	4
457045	九级智力宝石	3	4
457046	一级敏捷宝石	3	4
457047	二级敏捷宝石	3	4
457048	三级敏捷宝石	3	4
457049	四级敏捷宝石	3	4
457050	五级敏捷宝石	3	4
457051	六级敏捷宝石	3	4
457052	七级敏捷宝石	3	4
457053	八级敏捷宝石	3	4
457054	九级敏捷宝石	3	4
457055	一级暴击宝石	3	4
457056	二级暴击宝石	3	4
457057	三级暴击宝石	3	4
457058	四级暴击宝石	3	4
457059	五级暴击宝石	3	4
457060	六级暴击宝石	3	4
457061	七级暴击宝石	3	4
457062	八级暴击宝石	3	4
457063	九级暴击宝石	3	4
457064	一级命中宝石	3	4
457065	二级命中宝石	3	4
457066	三级命中宝石	3	4
457067	四级命中宝石	3	4
457068	五级命中宝石	3	4
457069	六级命中宝石	3	4
457070	七级命中宝石	3	4
457071	八级命中宝石	3	4
457072	九级命中宝石	3	4
457073	一级闪避宝石	3	4
457074	二级闪避宝石	3	4
457075	三级闪避宝石	3	4
457076	四级闪避宝石	3	4
457077	五级闪避宝石	3	4
457078	六级闪避宝石	3	4
457079	七级闪避宝石	3	4
457080	八级闪避宝石	3	4
457081	九级闪避宝石	3	4
463000	坐骑魔丹	3	4
463001	中阶坐骑魔丹	3	5
463002	高阶坐骑魔丹	3	6
463003	中阶坐骑魔丹（时效）	3	5
463004	高阶坐骑魔丹（时效）	3	6
463005	坐骑魔丹碎片	3	4
463006	坐骑魔丹（时效）	3	4
463100	变身神血	3	4
463101	变身神血（时效）	3	4
463102	中阶变身神血	3	4
463103	中阶变身神血（时效）	3	4
463104	高阶变身神血	3	4
463105	高阶变身神血（时效）	3	4
464000	星轮进阶丹	3	4
464001	中阶星轮进阶丹	3	5
464002	高阶星轮进阶丹	3	6
464003	中阶星轮进阶丹（时效）	3	5
464004	高阶星轮进阶丹（时效）	3	6
464005	星轮进阶丹碎片	3	4
464006	星轮进阶丹（时效）	3	4
465002	背饰之心	3	4
465003	中阶背饰之心	3	5
465004	高阶背饰之心	3	6
465005	中阶背饰之心（时效）	3	5
465006	高阶背饰之心（时效）	3	6
465007	背饰之心碎片	3	4
465008	背饰之心（时效）	3	4
465031	武器进阶石	3	4
465032	中阶武器进阶石	3	5
465033	高阶武器进阶石	3	6
465034	中阶武器进阶石（时效）	3	5
465035	高阶武器进阶石（时效）	3	6
465036	武器进阶石（时效）	3	4
465101	洗髓丹	3	4
465111	神器本源	3	4
465112	中阶神器本源	3	3
465113	高阶神器本源	3	3
465114	神器本源碎片	3	4
465115	神器本源（时效）	3	4
465200	誓约之心	3	4
465201	【魔·牛头马面】将魂	3	3
465202	【魔·骷髅王】将魂	3	3
465203	【仙·东海龙王】将魂	3	7
465204	【仙·嫦娥】将魂	3	4
465205	【仙·潮汐海皇】将魂	3	2
465206	【仙·九天玄女】将魂	3	2
465207	【仙·烛龙】将魂	3	2
465208	【仙·木德星君】将魂	3	2
465209	【仙·巨灵神】将魂	3	2
465210	【仙·火神祝融】将魂	3	7
465211	【仙·水神共工】将魂	3	7
465212	【仙·火神祝融】将魂	3	4
465213	【仙·神武大帝】将魂	3	4
465214	【神·齐天大圣】将魂	3	4
465215	【凡·典韦】将魂	3	3
465216	【凡·张角】将魂	3	3
465217	【魔·痛苦女王】将魂	3	2
465218	【仙·鸿蒙天帝】将魂	3	4
465219	【神·太阳女神】将魂	3	4
465220	【神·恐怖利刃】将魂	3	4
465225	凡灵将魂	3	4
465226	仙灵将魂	3	4
465227	魔灵将魂	3	4
465230	【神·斗战神】将魂	3	7
465290	散财仙子激活卡	4	4
465291	鹊桥仙子激活卡	4	4
465292	百花仙子激活卡	4	4
465293	莹雪仙子激活卡	4	4
465294	锦鲤仙子激活卡	4	4
465299	马震激活卡	4	4
465300	文曲仙子激活卡	4	4
465301	【仙·雷震子】将魂	3	3
465302	【仙·哪咤】将魂	3	3
465303	洛河仙子激活卡	4	4
465304	萤火仙子激活卡	4	4
465305	【魔·刑天】将魂	3	4
465306	【魔·不朽尸王】将魂	3	4
465307	【魔·阎罗王】将魂	3	4
465308	【魔·天妖皇】将魂	3	4
465309	【魔·牛魔王】将魂	3	4
465310	【魔·天鬼皇】将魂	3	4
465311	【凡·孙尚香】将魂	3	2
465312	【凡·貂蝉】将魂	3	4
465313	【凡·孟获】将魂	3	4
465314	【凡·张飞】将魂	3	4
465315	【凡·马超】将魂	3	4
465316	【凡·吕布】将魂	3	4
465317	【凡·赵云】之心	3	6
465318	【凡·诸葛亮】将魂	3	2
465319	【魔·孟婆】将魂	3	2
465320	【魔·混沌魔】将魂	3	4
465321	【魔·魑魅】将魂	3	4
465322	【仙·盘丝大仙】将魂	3	4
465323	【神·红孩儿】将魂	3	4
465324	【神·葫芦小金刚】将魂	3	4
465325	【神·三界神王】将魂	3	4
465326	【神·九五至尊】将魂	3	4
465327	【神·六道魔王】将魂	3	4
465328	【凡·赵云】之魂	3	4
465329	【神·六道神王】将魂	3	4
465351	坐骑升阶丹	4	4
465352	超級坐騎升階丹	4	4
465777	将星之魂	3	4
500001	【时装】踏春无痕(时效)	4	6
500002	【时装】踏春无痕	4	6
500003	【时装】踏春无痕	4	6
500004	【时装】踏春无痕	4	6
500005	【时装】踏春无痕	4	6
500006	【时装】踏春无痕	4	6
500007	【时装】踏春无痕	4	6
500008	【时装】踏春无痕	4	6
500011	【时装】未来战衣(时效)	4	6
500012	【时装】未来战衣	4	6
500013	【时装】未来战衣	4	6
500014	【时装】未来战衣	4	6
500015	【时装】未来战衣	4	6
500016	【时装】未来战衣	4	6
500017	【时装】未来战衣	4	6
500018	【时装】未来战衣	4	6
500101	boss伤害第1礼包.妖姬	4	7
500102	boss伤害第2礼包.妖姬	4	6
500103	boss伤害第3礼包.妖姬	4	5
500104	boss伤害第4礼包.妖姬	4	4
500105	boss伤害第5礼包.妖姬	4	3
500106	普通参与礼包.妖姬	4	2
500201	boss伤害第1礼包.魔帝	4	7
500202	boss伤害第2礼包.魔帝	4	6
500203	boss伤害第3礼包.魔帝	4	5
500204	boss伤害第4礼包.魔帝	4	4
500205	boss伤害第5礼包.魔帝	4	3
500206	普通参与礼包.魔帝	4	2
500301	boss伤害第1礼包.烈焰	4	7
500302	boss伤害第2礼包.烈焰	4	6
500303	boss伤害第3礼包.烈焰	4	5
500304	boss伤害第4礼包.烈焰	4	4
500305	boss伤害第5礼包.烈焰	4	3
500306	普通参与礼包.烈焰	4	2
500401	boss伤害第1礼包.尸皇	4	7
500402	boss伤害第2礼包.尸皇	4	6
500403	boss伤害第3礼包.尸皇	4	5
500404	boss伤害第4礼包.尸皇	4	4
500405	boss伤害第5礼包.尸皇	4	3
500406	普通参与礼包.尸皇	4	2
500501	boss伤害第1礼包.石魔	4	7
500502	boss伤害第2礼包.石魔	4	6
500503	boss伤害第3礼包.石魔	4	5
500504	boss伤害第4礼包.石魔	4	4
500505	boss伤害第5礼包.石魔	4	3
500506	普通参与礼包.石魔	4	2
500999	mycard	1	5
502001	【坐骑】4阶旺财(3天)	4	6
502002	【坐骑】4阶旺财	4	6
502003	【坐骑】5阶旺财	4	6
502004	【坐骑】6阶旺财	4	6
502005	【坐骑】7阶旺财	4	6
502006	【坐骑】8阶旺财	4	6
502007	【坐骑】9阶旺财	4	6
502008	【坐骑】10阶旺财	4	6
502011	【坐骑】4阶天猫(3天)	4	6
502012	【坐骑】4阶天猫	4	6
502013	【坐骑】5阶天猫	4	6
502014	【坐骑】6阶天猫	4	6
502015	【坐骑】7阶天猫	4	6
502016	【坐骑】8阶天猫	4	6
502017	【坐骑】9阶天猫	4	6
502018	【坐骑】10阶天猫	4	6
503001	【宠物】4阶酷羊羊(3天)	4	6
503002	【宠物】4阶酷羊羊	4	6
503003	【宠物】5阶酷羊羊	4	6
503004	【宠物】6阶酷羊羊	4	6
503005	【宠物】7阶酷羊羊	4	6
503006	【宠物】8阶酷羊羊	4	6
503007	【宠物】9阶酷羊羊	4	6
503008	【宠物】10阶酷羊羊	4	6
503011	【宠物】4阶美羊羊(3天)	4	6
503012	【宠物】4阶美羊羊	4	6
503013	【宠物】5阶美羊羊	4	6
503014	【宠物】6阶美羊羊	4	6
503015	【宠物】7阶美羊羊	4	6
503016	【宠物】8阶美羊羊	4	6
503017	【宠物】9阶美羊羊	4	6
503018	【宠物】10阶美羊羊	4	6
503021	【宠物】4阶小海盗(3天)	4	6
503022	【宠物】4阶小海盗	4	6
503023	【宠物】5阶小海盗	4	6
503024	【宠物】6阶小海盗	4	6
503025	【宠物】7阶小海盗	4	6
503026	【宠物】8阶小海盗	4	6
503027	【宠物】9阶小海盗	4	6
503028	【宠物】10阶小海盗	4	6
503031	【宠物】4阶小章鱼(3天)	4	6
503032	【宠物】4阶小章鱼	4	6
503033	【宠物】5阶小章鱼	4	6
503034	【宠物】6阶小章鱼	4	6
503035	【宠物】7阶小章鱼	4	6
503036	【宠物】8阶小章鱼	4	6
503037	【宠物】9阶小章鱼	4	6
503038	【宠物】10阶小章鱼	4	6
504001	【宠物】4阶美羊羊(3天)	4	6
504002	【宠物】4阶美羊羊	4	6
504003	【宠物】5阶美羊羊	4	6
504004	【宠物】6阶美羊羊	4	6
504005	【宠物】7阶美羊羊	4	6
504006	【宠物】8阶美羊羊	4	6
504007	【宠物】9阶美羊羊	4	6
504008	【宠物】10阶美羊羊	4	6
504011	【翅膀】4阶未来之翼(3天)	4	6
504012	【翅膀】4阶未来之翼	4	6
504013	【翅膀】5阶未来之翼	4	6
504014	【翅膀】6阶未来之翼	4	6
504015	【翅膀】7阶未来之翼	4	6
504016	【翅膀】8阶未来之翼	4	6
504017	【翅膀】9阶未来之翼	4	6
504018	【翅膀】10阶未来之翼	4	6
505001	【宠物】4阶美羊羊(3天)	4	6
505002	【宠物】4阶美羊羊	4	6
505003	【宠物】5阶美羊羊	4	6
505004	【宠物】6阶美羊羊	4	6
505005	【宠物】7阶美羊羊	4	6
505006	【宠物】8阶美羊羊	4	6
505007	【宠物】9阶美羊羊	4	6
505008	【宠物】10阶美羊羊	4	6
510001	【武器】踏春无痕(3天)	4	6
510002	【武器】踏春无痕	4	6
510003	【武器】踏春无痕	4	6
510004	【武器】踏春无痕	4	6
510005	【武器】踏春无痕	4	6
510006	【武器】踏春无痕	4	6
510007	【武器】踏春无痕	4	6
510008	【武器】踏春无痕	4	6
520000	facebook分享-巨灵神将魂礼包	4	6
520001	成功邀请10个升至60级的玩家	4	5
520002	成功邀请8个升至80级的玩家	4	6
520003	成功邀请5个升至90级的玩家	4	6
520004	成功邀请3个升至100级的玩家	4	5
520101	智游会员礼包	4	6
520201	智游vip1礼包	4	6
520202	智游vip2礼包	4	6
520203	智游vip3礼包	4	6
520204	智游vip4礼包	4	6
520205	智游vip5礼包	4	6
520206	智游vip6礼包	4	6
520207	智游vip7礼包	4	6
520208	智游vip8礼包	4	6
520209	智游vip9礼包	4	6
520210	智游vip10礼包	4	6
520301	智游贵宾变身卡	4	6
520302	智遊貴賓变身卡.第2周	4	6
520303	智遊貴賓变身卡.第3周	4	6
520304	智遊貴賓变身卡.第4周	4	6
520401	智游至尊贵族礼包	4	6
520402	貴族升階禮包.第2周	4	6
520403	貴族升階禮包.第3周	4	6
520404	貴族升階禮包.第4周	4	6
520501	八折礼包.坐骑	4	4
520502	八折礼包.武器	4	4
520503	八折礼包.战宠	4	4
520504	八折礼包.背饰	4	4
520505	八折礼包.星轮	4	4
520506	八折礼包.神器	4	4
520507	八折礼包.变身	4	4
520601	七折礼包.坐骑	4	4
520602	七折礼包.背饰	4	4
520603	七折礼包.武器	4	4
520604	七折礼包.星轮	4	4
520605	七折礼包.神器	4	4
520606	七折礼包.战宠	4	4
520607	七折礼包.变身	4	4
520701	六折礼包.坐骑	4	4
520702	六折礼包.背饰	4	4
520703	六折礼包.武器	4	4
520704	六折礼包.星轮	4	4
520705	六折礼包.神器	4	4
520706	六折礼包.战宠	4	4
520707	六折礼包.变身	4	4
520801	五折礼包.坐骑	4	4
520802	五折礼包.背饰	4	4
520803	五折礼包.武器	4	4
520804	五折礼包.星轮	4	4
520805	五折礼包.神器	4	4
520806	五折礼包.战宠	4	4
520807	五折礼包.变身	4	4
520901	四折礼包.坐骑	4	4
520902	四折礼包.背饰	4	4
520903	四折礼包.武器	4	4
520904	四折礼包.星轮	4	4
520905	四折礼包.神器	4	4
520906	四折礼包.战宠	4	4
520907	四折礼包.变身	4	4
521001	三折礼包.坐骑	4	4
521002	三折礼包.背饰	4	4
521003	三折礼包.武器	4	4
521004	三折礼包.星轮	4	4
521005	三折礼包.神器	4	4
521006	三折礼包.战宠	4	4
521007	三折礼包.变身	4	4
521101	二折礼包.坐骑	4	4
521102	二折礼包.背饰	4	4
521103	二折礼包.武器	4	4
521104	二折礼包.星轮	4	4
521105	二折礼包.神器	4	4
521106	二折礼包.战宠	4	4
521107	二折礼包.变身	4	4
521201	七折大礼包.坐骑	4	4
521202	七折大礼包.背饰	4	4
521203	七折大礼包.武器	4	4
521204	七折大礼包.星轮	4	4
521205	七折大礼包.神器	4	4
521206	七折大礼包.战宠	4	4
521207	七折大礼包.变身	4	4
521301	六折大礼包.坐骑	4	4
521302	六折大礼包.背饰	4	4
521303	六折大礼包.武器	4	4
521304	六折大礼包.星轮	4	4
521305	六折大礼包.神器	4	4
521306	六折大礼包.战宠	4	4
521307	六折大礼包.变身	4	4
521401	五折大礼包.坐骑	4	4
521402	五折大礼包.背饰	4	4
521403	五折大礼包.武器	4	4
521404	五折大礼包.星轮	4	4
521405	五折大礼包.神器	4	4
521406	五折大礼包.战宠	4	4
521407	五折大礼包.变身	4	4
521501	四折大礼包.坐骑	4	4
521502	四折大礼包.背饰	4	4
521503	四折大礼包.武器	4	4
521504	四折大礼包.星轮	4	4
521505	四折大礼包.神器	4	4
521506	四折大礼包.战宠	4	4
521507	四折大礼包.变身	4	4
521601	三折大礼包.坐骑	4	4
521602	三折大礼包.背饰	4	4
521603	三折大礼包.武器	4	4
521604	三折大礼包.星轮	4	4
521605	三折大礼包.神器	4	4
521606	三折大礼包.战宠	4	4
521607	三折大礼包.变身	4	4
522201	坐骑礼包	4	4
522202	背饰礼包	4	4
522203	武器礼包	4	4
522204	星轮礼包	4	4
522205	神器礼包	4	4
522206	战宠礼包	4	4
522207	变身礼包	4	4
522208	天罡礼包	4	4
530001	紫色裝備包	4	4
530101	80級槍皇裝備包	4	5
530102	80級琴仙裝備包	4	5
530103	80級刀神裝備包	4	5
530201	100級槍皇裝備包	4	5
530202	100級琴仙裝備包	4	5
530203	100級刀神裝備包	4	5
554000	背饰升阶丹（9阶)	1	6
554001	武器升阶丹（9阶)	1	6
554002	坐骑升阶丹（9阶)	4	4
555660	神器升阶丹（6阶)	1	6
555661	星轮升阶丹（6阶)	1	6
555662	战宠升阶丹（6阶)	1	6
555770	神器升阶丹（7阶)	1	6
555771	星轮升阶丹（7阶)	1	6
555772	战宠升阶丹（7阶)	1	6
555880	神器升阶丹（8阶)	1	6
555881	星轮升阶丹（8阶)	1	6
555882	战宠升阶丹（8阶)	1	6
555990	神器升阶丹（9阶)	1	6
555991	星轮升阶丹（9阶)	1	6
555992	战宠升阶丹（9阶)	1	6
590001	5级宝石大礼盒	4	6
590002	中秋储值礼盒	4	6
666666	铜钱	4	4
700001	100点荣誉值	4	4
777777	绑定元宝	4	6
888888	元宝	4	6
900001	元气	4	4
900002	经验	4	2
900003	贡献	4	4
900004	帮派铜钱	4	4
900005	声望	4	4
900006	绑定铜钱	4	4
900007	竞技点	4	4
900008	广寒仙子	4	4
900009	红颜石	4	4
900010	帮派元宝	4	6
900011	荣誉	4	4
900012	军功	4	4
900013	装备升级材料	4	4
900014	攻击装备精炼材料	4	4
900015	防御装备精炼材料	4	4
900016	魔兵	4	4
900017	法宝	4	4
900018	商城道具	4	4
900020	金宝箱	4	6
900021	银宝箱	4	4
900022	40级装备	4	4
900023	60级装备	4	4
900024	80级装备	4	4
900025	100级装备	4	4
900026	120级装备	4	4
900027	140级装备	4	4
900028	160级装备	4	4
900029	180级装备	4	4
900030	200级装备	4	4
999999	铜钱	4	6
20180014	天荒剑魂	2	1
20180015	上界清气	2	1
20180016	祭天圣坛	2	1
20180017	落石车	2	1
20180018	汉军伤员	2	1
20180019	火油罐	2	1
20180020	人首状馒头	2	1
20180021	落水将士	2	1
20180023	生死簿残页	2	1
20180024	幽冥镜	2	1
20180025	皇族信物	2	1
20180026	皇族之血	2	1
20180027	判官笔	2	1
20180028	镇鬼符	2	1
20180029	大叶灌木	2	1
20180030	地府阴气	2	1
20180031	鱼油	2	1
20180032	仙丹残渣	2	1
20180033	土地庙	2	1
20180034	墓碑	2	1
20180035	神梭	2	1
20180036	巨像碎片	2	1
20180037	大鹏卵	2	1
20180038	大叶木	2	1
20180039	陷阱	2	1
20180040	幼兽食盆	2	1
20180041	宓妃和伏羲	2	1
20180042	千年玄冰	2	1
20180043	血迹	2	1
20180044	烽火台	2	1
20180045	冰玉瓶	2	1
20180046	紫晶宝珠	2	1
20180047	梨花钉	2	1
20180048	火焰	2	1
20180049	仙桃枝叶	2	1
20180050	珍珠	2	1
20180051	龙王之剑	2	1
20180052	受伤少女	2	1
20180055	锁仙牢钥匙	2	1